Tweet
In which bank challan fee has to submitted ??
"In which bank do we have to submit transaction fee?"
in which bank fee is to pay?
in which bank we need to submit fee slip
In which brach of the designated banks tje entry test fee is to be submitted?
"is it mandatory to submit the fee before ?"
is it necessary to print the transaction fee online cant we save it and then  print it out ..? and how do we know whether our fee submission has been done or not will we get any confirmation about that ?
Is it necessary to send reciept of national bank challan? If yes then can you send me the mail address to send reciept.
Is it necessory that i submit SF fee with Processing fee???
"IS IT POSSIBLE TO GET THEE FEE VOUCHER WITHOUT UPLOADIN THE PICTURE"
Is it still possible to submit the fee in the bank  i've filled out my form and sent it but haven't submitted the fee yet due to some issues..
Is my fee is recieved???
Is there a due date for fee submission?
Is there any voucher to print for submit entry test fee or student just submit 3500 Rs in HMB using there own receipt?
is this amount to be payed on the time of paying voucher for Entry test
"Is this necessary to submit self finance fee at the time of admission form submission??
"
Is ya fee confirm naii ho rahe
it is as per required size i had already gone this link....if it will not upload today than what should i do can i show my bank slip sit in pre-entry test???
"deposit fee in bank and how will u know that u received rupees ??"
"i already submitted my fee so what can i do?Even i complete my all requirments."
i am also apply under self finance  do i have to pay full lakh addmission test fees just to give test or just addmission test fee to give the test? please answer
 i am not applying on self seat but in voucher it is showing self seat fee what should i do please help me out.
I am not including self Assistance then why my challan is written as 7 lacs
 i applied against the catagery of self finance catagery SF(11-a) the  fee challan is generatrd is when  did i submitted my fee because no last date is mentenoned on the fee challan?   Can i submittted my fee challlan after my enterance test
i can't pay my fee on due date some reasons but now pay my fee please allow me
from your given information and they said me your payment is clear
Can self-finance fee be submitted in Installments?
Do I have to pay self finance fee before entry test?
Do I have to pay in cash or payment order?
Is it necessary to submit the self finance fee in NED branch only  OR we can submit is any online branch
 It is necessary to submit the fee as cash as this is big amount OR we can submit is through cross check als
please tell me that is there any fee required with data correction form   
please this is my voucher number 3299 which is issued by nbp ned university branch manager .
what is the last date for fee submission 
what is the last date for fee submission 
what is the last date for paying challan  
what is the last date for submission of challan 
what is the last date for submission of fee for entry test 
what is the last date of fee submission for pre-admission entry test 2016 
what is the last date of fee submission of entry test 
what is the last date of fee submission 
what is the last date of form n fee submission 
what is the last date of paying challan in the bank  
"what is the last date of submitting form fee in bank 
"
what is the last submission date of entry test fee for  the undergraduate program 
what is the process of paying fee and how will we know you have recieved our fee 
what is the self finance fee for 12 lakh rupees 
what is the self finance fee for electrical engineering and software
what will we do after fee deposit in bank
whats the fee of self finance
what's the last date of fee submission of form
whats the procedure if i wanna pay self finance fee in installment   as i cant pay full rs.700000/= right now ..is there any possibility of payment in installment   
when i clicked on pre-eng from hyderabad board then self finances apeared in fee submission stage
when i submit fee in bank   it will automatically show in my admission form as payed  
"when is the last date for fee submission  
"
when m i get the exam date and where can i select discipline for admission  also please tell me about this transaction slip how it works
"when we have to fill self finance challan
"
when will be last date for fee submission
when will get verified.8 days are enough to transfer fee from one branch to another
where fee submit
where i can email you my bank deposit slip    send me email address where i can email you.
where i get my fee chalan
where i upload my fee voucher 
"where i'll pay the challan and when entry test in this university :1:2
"
where is applicatio fee challan
where is the bank's   ned's and candidate's copy in the fee voice:1
where might i find information regarding the fee structures of the undergraduate progammes
where on the 7th step of the form do we have to enter the fee challan's code:1
"where to enter my bank slip serial no.
"
where we have to enter serial no which was received through bank slip 
where we have to submit the fee after filling the form 
where will i have to pay the fee of entry test
whether i paid fee for sponsor seats at the time of submission entry test form or otherwise
while paying fee 703500 (self+regular) through check what should be written in account title of the check  
why am i required to submit the total tution fee at this stage 
why does fee includes self finance 
why does my transaction slip contain the self finance fee when i m not applying for self finance scheme 
why fee structure option is just only \self finance\
why is the fee slip asking me for self finance fee to be paid with the form submission fee 
"why self finance fee is appearing on pay slip despite of he fact that i have not either opted that option nor i am interested in that scheme please guide.

thanks 
mahnoor yameen"
is it necessary to print the transaction fee online cant we save it and then  print it out   and how do we know whether our fee submission has been done or not will we get any confirmation about that  
is it necessary to send reciept of national bank challan  if yes then can you send me the mail address to send reciept.
is it necessory that i submit sf fee with processing fee   
is it necessory that i submit sf fee with processing fee   
fees payment procedure bataden?
what is fee payment procedure?
fees payment procedure?
how to pay fees?
procedure of fees payment?
In which bank challan fees has to submitted ??
"In which bank do we have to submit transaction fees?"
in which bank fees is to pay?
in which bank we need to submit fees slip
In which brach of the designated banks tje entry test fees is to be submitted?
"is it mandatory to submit the fees before ?"
is it necessary to print the transaction fees online cant we save it and then  print it out ..? and how do we know whether our fee submission has been done or not will we get any confirmation about that ?
Is it necessory that i submit SF fees with Processing fee???
"IS IT POSSIBLE TO GET THEE FEES VOUCHER WITHOUT UPLOADIN THE PICTURE"
Is it still possible to submit the fees in the bank  i've filled out my form and sent it but haven't submitted the fees yet due to some issues..
Is my fees is recieved???
